119
703
208
967
857
118
951
523
857
429
115
115
921
204
355
450
516
730
93
74
486
687
76
873
70
132
918
743
918
612
847
244
868
294
612
693
236
148
294
404
66
711
151
496
880
363
151
478
202
958
61
533
539
619
897
804
298
313
93
422
98
603
997
893
542
577
653
986
291
523
44
57
43
605
895
939
132
823
132
894
662
868
757
868
606
693
236
236
236
459
76
890
303
75
496
495
692
205
523
204
986
683
208
429
315
731
635
920
93
204
422
964
718
133
429
749
603
730
921
61
943
496
956
873
236
886
806
693
868
868
757
873
868
894
606
294
148
236
806
895
404
163
925
203
35
385
315
949
498
749
694
980
631
80
364
38
445
893
204
276
422
450
325
519
204
695
666
181
478
147
925
122
88
132
132
886
605
88
662
662
693
757
847
847
757
294
873
757
886
163
925
196
710
844
385
938
403
298
202
93
137
980
217
80
756
756
951
893
893
893
98
603
997
116
38
276
44
163
404
886
873
873
294
757
114
847
693
605
662
939
956
687
886
847
605
236
847
806
711
203
711
107
57
303
454
750
181
298
445
893
208
424
706
986
445
951
313
845
204
997
986
603
231
231
958
692
35
662
132
612
806
894
606
509
886
847
886
122
895
693
43
582
404
236
956
693
612
107
582
895
728
495
496
303
447
897
731
920
845
857
375
375
631
986
445
38
635
202
857
619
725
577
33
758
385
894
244
808
785
152
612
757
757
956
76
728
43
913
43
886
895
459
76
495
890
728
404
711
890
895
711
971
454
454
75
951
118
116
115
231
22
980
424
98
202
756
38
298
61
749
33
443
687
606
808
114
148
728
886
348
612
459
66
956
509
43
76
890
66
43
459
956
76
687
294
294
66
956
76
913
710
710
496
848
897
478
315
498
542
516
22
14
208
248
845
692
756
116
555
363
509
939
757
913
459
509
605
728
66
148
114
294
404
509
163
844
509
687
404
895
890
890
509
459
605
236
693
956
122
495
844
711
35
932
443
750
692
61
921
98
580
539
229
355
445
478
478
478
938
687
890
122
35
895
66
122
43
605
596
163
687
495
596
88
582
203
66
969
66
404
913
969
163
76
582
495
757
76
163
711
969
303
306
848
932
943
205
542
619
413
575
631
703
964
93
498
932
710
956
404
409
385
163
873
288
385
710
582
687
331
486
385
331
687
122
605
728
495
163
582
495
163
163
35
495
913
913
404
163
496
174
848
932
932
848
897
116
997
718
964
219
539
539
98
749
181
288
582
495
174
943
858
873
118
695
750
385
174
57
496
454
454
880
331
486
710
163
495
711
710
969
454
35
288
363
858
890
404
196
75
957
75
409
434
957
695
276
603
530
133
370
469
667
986
202
75
35
496
943
118
454
70
35
429
364
666
44
364
44
486
306
409
925
306
932
364
44
151
844
303
306
57
447
932
434
858
969
57
196
409
880
938
75
957
157
731
555
603
325
725
440
328
325
422
315
174
925
303
848
363
88
294
958
555
695
695
181
635
74
731
181
758
157
118
303
174
403
848
486
288
804
434
848
880
196
844
288
486
454
75
848
848
75
957
403
635
857
98
413
450
718
153
749
38
44
331
174
434
434
107
909
756
343
181
943
181
920
951
804
523
115
845
478
205
880
57
496
363
118
848
288
118
44
844
486
331
75
119
118
932
75
363
434
306
943
93
231
355
964
714
93
698
523
897
174
363
147
486
925
132
711
84
80
313
731
115
313
920
542
116
603
523
969
897
857
313
315
35
858
454
971
938
75
118
756
666
750
363
848
848
403
750
880
932
38
115
997
413
248
714
692
291
181
434
971
932
147
434
43
909
857
527
498
756
603
115
276
80
133
355
181
409
890
119
964
893
93
897
969
57
363
157
443
695
756
695
44
385
957
119
695
147
434
118
61
422
603
325
325
718
943
555
205
938
750
306
288
119
70
687
703
450
555
498
530
298
958
429
845
443
163
66
303
385
80
98
80
80
445
498
758
932
695
949
364
315
119
848
750
119
949
118
147
695
893
98
519
248
355
133
957
758
478
315
758
403
957
174
209
313
580
893
555
583
921
951
276
276
157
404
844
35
454
710
181
530
730
516
204
857
422
583
61
523
731
205
692
932
804
920
445
315
38
951
116
516
516
718
718
725
363
848
666
202
758
938
443
122
873
217
982
116
202
519
313
498
635
118
35
495
858
203
486
858
496
619
98
542
291
921
857
291
958
542
583
542
116
692
756
33
758
403
845
61
202
291
997
133
227
982
174
151
731
857
695
119
443
693
486
469
80
93
291
893
445
523
364
385
582
711
913
496
486
913
404
93
730
276
583
231
204
845
115
921
921
291
116
298
498
920
695
695
857
115
93
291
986
725
243
947
331
496
181
523
118
204
75
406
315
536
413
115
542
635
33
298
75
196
710
454
409
44
454
710
858
157
115
33
115
542
893
93
921
958
893
115
498
116
635
478
951
893
422
893
115
519
133
987
714
343
385
925
750
938
118
115
969
806
445
519
982
730
93
61
498
478
434
486
447
385
44
880
163
288
486
943
98
986
429
422
749
61
33
422
80
231
33
276
298
949
635
276
921
80
231
698
718
227
964
982
174
969
969
750
997
666
806
331
205
542
536
413
61
116
695
74
750
306
486
409
75
447
844
306
363
756
133
986
422
80
33
920
845
313
93
80
291
204
731
478
731
202
542
730
429
231
964
536
718
987
454
148
913
409
413
35
757
202
949
986
667
413
845
498
758
364
848
303
303
75
363
971
288
75
848
38
115
93
33
542
893
845
93
920
115
730
698
33
443
364
845
857
583
231
997
603
413
133
725
577
582
606
582
913
205
728
956
921
313
730
229
413
893
298
181
147
303
710
174
938
409
971
288
478
116
635
920
951
666
276
116
756
635
857
542
291
80
951
74
313
583
603
422
603
997
98
530
619
725
248
687
895
582
596
151
685
486
603
205
583
424
355
231
635
897
848
303
454
288
306
385
486
174
205
291
61
695
118
115
986
583
116
313
445
845
893
422
115
555
845
857
986
730
603
997
603
619
725
987
133
459
107
66
122
956
868
93
603
298
33
947
227
519
845
74
932
409
288
880
306
486
385
880
951
116
205
750
938
982
982
355
355
429
291
997
413
133
248
429
920
893
730
986
80
730
429
516
718
227
718
895
404
956
203
605
687
325
730
61
205
355
144
516
555
692
44
288
454
434
880
331
486
750
692
731
118
486
880
967
243
714
516
231
619
964
725
133
516
958
276
542
730
98
603
422
422
619
325
450
248
605
43
605
76
495
757
523
450
291
804
997
144
619
542
202
147
486
385
880
938
363
331
147
478
695
363
196
848
706
243
577
603
516
516
98
413
619
603
893
276
542
730
619
519
921
542
530
413
355
450
459
687
596
148
496
685
35
355
355
202
276
87
725
133
422
74
174
288
750
750
403
938
443
74
147
409
925
443
440
653
413
98
355
325
325
133
133
325
857
115
429
80
986
429
422
422
516
98
413
536
66
913
43
711
196
88
662
276
694
231
364
718
667
714
619
756
288
447
363
750
315
932
118
364
848
971
969
951
980
877
718
413
325
248
964
325
964
718
958
893
80
542
603
603
80
542
698
98
964
982
913
151
509
107
404
88
132
57
440
231
848
115
229
982
964
555
147
486
57
75
943
364
949
44
385
971
107
971
343
87
997
730
98
413
516
530
714
577
93
204
857
429
603
231
857
80
698
519
325
725
35
454
913
858
956
868
873
244
542
355
666
181
469
683
714
986
61
44
925
971
331
943
848
454
57
486
163
890
698
527
982
429
730
530
619
248
982
718
93
583
921
429
997
291
80
80
986
98
325
355
925
496
858
303
956
348
294
652
454
982
202
403
325
575
967
653
413
116
157
385
385
403
74
443
750
447
711
956
119
144
229
413
516
519
516
725
653
413
893
698
291
422
80
542
997
291
603
530
248
530
971
971
35
486
895
693
894
209
209
949
725
478
692
504
14
469
947
619
276
731
756
116
291
958
205
174
163
495
858
478
967
24
714
986
519
725
243
325
893
98
429
429
603
231
997
542
997
530
133
619
486
306
971
925
890
612
326
868
430
236
987
603
932
920
137
14
144
325
997
698
530
619
986
231
276
403
844
303
163
890
731
706
84
355
516
133
343
355
749
698
519
519
516
730
80
583
603
530
964
355
447
331
496
509
913
808
894
956
652
228
897
653
845
147
93
714
87
714
413
577
967
325
730
429
115
692
454
969
596
509
711
118
667
343
516
98
536
413
80
98
516
986
986
730
542
422
698
355
718
725
174
434
858
148
163
909
294
606
815
418
662
964
577
38
157
731
718
987
450
714
343
987
355
325
997
845
943
710
605
122
605
612
893
137
413
997
725
718
698
530
986
603
516
997
542
986
98
718
577
450
434
44
844
88
509
86
348
348
609
652
502
181
967
519
205
848
635
619
133
248
653
877
227
536
619
542
445
315
57
687
404
895
157
947
248
986
325
718
698
355
98
519
413
603
80
516
530
450
536
714
288
157
969
693
956
606
606
868
909
535
602
728
603
947
730
523
147
61
530
325
725
87
667
947
718
355
730
33
478
880
151
496
932
450
536
98
964
718
603
413
516
519
355
603
429
413
964
536
982
227
75
174
122
88
711
956
612
236
652
209
264
418
756
137
519
698
93
951
33
519
248
714
947
877
653
227
714
98
422
204
523
202
116
536
967
519
530
355
603
530
519
986
413
698
730
964
718
227
982
536
44
163
895
348
711
890
294
806
456
86
823
627
496
947
248
718
98
749
731
231
450
248
577
536
227
982
987
325
530
519
730
698
986
343
967
355
698
516
698
355
516
516
530
98
516
450
718
536
227
536
957
163
844
868
596
711
294
909
743
244
662
209
209
115
243
413
133
997
920
115
619
133
964
714
653
87
987
516
603
516
530
530
248
714
982
450
730
986
325
718
325
98
98
516
530
725
450
714
714
227
409
196
969
88
596
196
806
321
326
769
785
588
502
710
450
133
98
603
291
857
231
714
577
653
243
947
536
516
986
516
619
325
450
718
718
248
698
80
325
577
725
619
516
519
413
248
714
714
714
982
35
163
913
76
687
107
612
453
918
769
652
652
456
785
61
877
516
133
248
516
413
964
987
947
967
243
536
964
355
98
98
413
619
413
698
986
413
422
516
577
577
413
516
516
413
248
450
714
714
982
496
890
693
757
404
404
509
606
743
652
609
321
812
836
913
355
714
98
248
343
725
725
982
694
243
227
450
248
718
619
98
413
231
542
80
422
413
986
986
718
577
413
98
530
413
325
718
577
987
653
363
88
873
757
236
236
895
148
939
769
743
453
652
456
743
306
530
603
355
577
653
987
982
243
343
577
718
718
248
355
516
98
542
116
893
857
698
986
997
355
133
530
98
355
413
355
248
450
987
343
971
606
66
107
612
348
406
662
886
88
909
733
209
264
430
588
157
413
718
33
536
87
343
227
982
577
248
725
133
248
519
519
542
555
202
202
542
730
429
98
530
516
98
355
413
413
133
450
536
243
496
894
447
148
348
685
228
939
873
88
70
918
808
785
613
223
685
315
698
893
413
343
982
982
877
536
725
725
248
325
698
986
231
33
951
692
116
422
519
519
516
98
516
413
413
355
718
714
987
982
409
694
248
204
848
43
57
447
848
364
364
666
695
943
635
116
205
205
157
710
956
406
86
743
815
463
456
602
535
909
733
264
152
326
152
244
326
406
326
693
236
605
913
66
57
203
890
434
943
695
38
355
516
478
890
122
35
57
306
443
205
756
758
943
443
116
115
298
666
880
711
757
808
909
918
833
301
463
613
321
769
909
152
909
609
86
823
823
685
662
348
806
844
710
687
88
434
403
932
695
93
325
516
44
728
913
844
35
385
880
666
498
845
313
666
147
38
205
666
44
969
886
152
209
609
453
609
743
909
909
909
918
152
609
609
132
685
823
244
939
693
728
687
459
459
66
385
363
44
804
530
725
422
363
148
43
163
447
486
331
74
845
635
38
403
57
925
306
331
196
728
939
588
456
456
918
808
769
609
609
152
909
733
733
918
132
918
152
823
886
890
596
890
895
163
969
710
403
44
315
964
133
958
306
596
596
43
925
486
434
692
695
695
880
496
957
582
868
348
132
453
453
86
769
812
812
909
823
733
228
326
662
685
321
114
326
321
244
88
605
886
88
890
66
495
57
75
750
403
897
982
355
204
363
107
596
913
203
447
44
364
692
478
804
157
925
873
228
833
588
86
321
733
114
244
228
808
939
326
769
847
88
612
823
70
86
453
806
236
114
406
294
687
66
404
331
957
147
157
897
243
325
958
363
122
509
495
203
486
74
298
116
44
151
148
418
627
301
0
301
743
609
588
132
326
808
70
606
847
918
326
894
114
88
612
406
757
236
939
70
294
122
66
66
969
848
447
119
666
692
947
98
583
848
495
596
43
711
710
331
938
582
808
456
1
456
918
132
152
228
209
823
939
918
808
823
152
808
606
406
70
406
70
868
132
132
88
847
685
806
459
596
404
496
331
288
303
157
478
731
947
603
921
147
495
956
404
57
710
662
228
223
833
685
152
808
326
406
847
453
215
743
132
909
114
847
588
152
406
808
114
939
939
939
114
685
244
894
606
806
728
236
76
151
385
969
434
74
695
205
947
730
80
118
858
122
163
858
605
769
588
86
606
733
244
86
918
769
244
348
823
685
152
652
847
606
406
348
606
114
662
88
757
326
693
662
733
326
868
873
148
404
913
196
57
196
957
758
205
298
877
730
730
897
303
971
404
612
609
918
956
236
823
418
294
806
894
326
823
76
148
886
728
86
808
733
609
70
662
612
894
606
348
806
894
939
606
406
868
956
404
203
57
196
858
151
147
181
445
523
87
986
115
147
486
844
294
685
132
294
495
406
456
122
203
459
693
88
612
693
294
806
76
148
294
612
70
823
894
88
757
728
806
890
66
873
406
70
236
711
844
858
913
66
844
174
147
181
951
523
243
619
845
932
925
294
70
348
495
711
873
0
70
364
163
582
890
582
66
236
956
605
662
728
687
203
107
693
662
605
596
873
148
858
122
757
806
294
294
107
913
582
582
844
57
409
118
181
635
202
133
698
695
938
459
348
894
873
43
605
215
215
750
75
858
844
710
303
582
303
971
925
107
913
806
294
43
596
728
76
925
43
495
107
88
868
890
459
895
913
844
844
711
582
203
363
666
298
205
920
204
422
434
711
728
612
873
728
956
769
0
496
116
57
890
35
331
496
582
303
147
880
57
486
509
894
606
728
711
890
605
858
163
662
895
43
495
496
196
858
495
66
107
107
196
943
758
445
523
116
315
38
447
890
847
806
890
693
348
0
132
921
118
454
57
848
971
174
157
306
804
288
894
969
443
385
66
685
685
806
806
404
404
858
288
454
582
107
495
163
858
844
495
858
288
315
758
523
445
116
306
804
35
873
70
76
43
886
609
0
44
530
303
35
119
957
331
932
756
181
496
956
86
844
445
932
363
495
406
894
605
66
203
447
385
454
203
596
107
35
303
203
404
196
157
695
949
523
635
498
496
44
447
148
605
693
693
122
602
588
355
635
306
971
804
710
880
44
385
107
132
823
148
956
804
181
118
943
385
174
35
890
925
151
57
57
196
582
66
969
303
969
858
454
315
731
181
313
298
313
582
486
35
687
858
956
605
757
0
385
450
938
409
403
848
203
303
454
596
588
406
662
728
806
486
205
666
804
75
403
118
943
848
288
331
434
174
969
710
848
938
57
288
409
848
181
181
313
498
202
913
66
203
385
203
728
122
769
535
429
61
409
303
443
925
496
203
605
326
152
894
612
895
868
88
731
758
147
932
403
44
119
44
74
804
692
147
306
174
147
303
163
44
44
938
666
804
298
93
33
890
236
486
932
163
890
687
223
886
98
118
75
118
75
925
57
404
612
152
152
132
693
728
114
244
750
804
306
403
118
957
434
147
315
364
478
44
938
880
938
710
496
315
443
932
897
478
298
204
958
687
294
971
151
596
409
294
0
151
116
695
750
74
174
331
196
728
662
244
847
806
890
693
348
114
687
848
409
403
157
403
750
315
443
118
315
880
957
288
925
486
932
315
932
44
695
205
313
498
555
687
236
687
605
890
957
244
223
75
478
313
364
44
938
454
107
693
873
70
757
43
76
406
956
236
122
695
897
315
118
750
957
932
695
695
692
147
932
288
447
288
938
943
315
315
695
298
498
731
116
404
693
348
596
315
913
223
873
971
848
731
758
932
848
163
459
886
294
612
236
459
693
894
76
76
925
756
74
119
943
957
434
880
409
44
804
695
147
486
496
486
409
119
695
897
74
731
202
635
202
43
453
114
895
756
823
627
174
495
750
498
181
403
938
969
43
88
612
693
509
596
886
509
404
890
710
848
306
880
44
848
434
938
880
118
758
731
943
844
35
75
118
943
897
897
364
756
951
523
445
294
652
348
685
303
613
228
403
858
957
542
756
74
434
925
886
406
406
148
404
596
148
459
971
957
486
174
57
844
409
331
710
174
147
315
364
478
306
203
409
74
692
74
804
666
758
181
692
523
298
606
132
612
808
806
1
236
364
495
331
291
951
758
880
163
873
406
606
956
509
895
956
76
434
364
363
163
43
157
666
932
306
486
174
880
943
692
666
932
957
119
949
695
804
666
666
758
298
920
205
70
348
348
114
588
215
157
478
844
151
635
845
205
403
495
294
662
693
509
895
728
895
122
306
957
971
956
886
61
845
38
758
119
147
666
635
116
555
949
938
118
949
478
74
804
364
949
205
920
635
685
606
823
806
453
132
445
38
486
711
74
857
298
44
858
148
348
662
605
76
956
956
913
151
486
107
662
88
93
276
523
666
943
692
951
920
116
498
119
403
364
949
38
695
315
443
38
181
523
298
244
894
823
132
348
812
880
276
119
66
157
857
523
897
486
728
894
693
886
895
509
895
711
151
710
728
823
728
422
276
298
315
364
666
949
635
313
298
119
750
897
692
181
692
943
118
181
758
756
313
70
348
847
86
728
301
757
498
498
331
174
555
116
313
44
596
662
886
728
956
43
596
858
196
913
148
406
404
698
61
692
364
804
949
181
313
61
276
74
443
478
897
478
364
315
443
692
478
181
920
662
873
939
806
294
733
833
118
603
364
107
205
583
202
897
858
693
873
806
605
107
890
163
35
890
612
823
196
619
749
951
666
695
181
181
635
61
93
119
118
804
315
666
804
443
118
478
478
731
116
348
509
847
757
868
244
652
890
964
181
890
147
98
498
949
331
509
662
847
148
596
495
582
76
873
612
86
88
845
276
315
695
756
205
181
731
845
920
44
147
315
478
949
804
315
364
692
758
445
116
88
596
873
148
847
86
132
812
951
555
496
151
730
542
298
74
331
509
606
662
757
459
236
114
326
757
823
909
315
519
845
666
949
298
205
445
276
635
44
364
74
478
692
364
364
897
692
181
498
445
148
895
236
122
114
453
685
669
107
997
932
687
181
718
116
845
181
880
66
88
873
956
404
43
148
847
918
264
459
204
516
756
38
181
756
202
93
756
118
756
364
666
666
897
695
315
695
756
920
635
459
596
605
122
894
132
453
627
215
403
958
925
858
204
429
986
921
635
957
454
925
331
44
938
35
606
909
588
918
163
276
429
61
38
758
498
204
951
147
951
695
695
692
897
666
119
666
756
202
205
43
495
404
596
757
918
785
808
602
894
80
756
596
174
583
516
603
845
692
758
181
478
74
157
486
294
609
685
453
785
496
80
291
523
758
635
93
951
147
181
38
949
38
695
315
118
804
756
523
298
895
66
43
662
148
613
609
606
613
215
434
291
880
404
957
276
231
958
523
116
749
951
74
157
434
687
244
733
652
613
152
107
857
204
38
758
920
181
897
756
38
695
695
695
118
443
695
756
635
313
890
163
956
406
148
215
406
86
815
602
152
33
61
925
495
288
93
542
276
61
958
61
756
949
44
710
236
453
535
733
833
627
44
291
951
364
635
951
692
756
478
666
478
897
118
666
695
205
523
313
163
447
148
132
662
652
918
244
321
463
0
957
422
205
385
687
434
445
202
202
893
542
276
498
364
880
858
728
132
321
321
812
122
893
635
804
951
951
695
756
949
478
181
74
943
695
692
298
498
445
495
151
956
244
939
909
918
132
321
430
0
685
445
429
181
409
711
957
635
445
845
583
542
893
731
666
750
971
711
294
894
847
890
498
845
692
756
731
364
38
692
695
181
315
118
949
181
313
202
498
844
66
873
685
728
348
244
847
301
463
251
0
750
530
635
951
750
447
157
951
920
204
921
921
845
313
38
118
44
363
151
174
434
116
33
695
478
949
364
38
478
804
692
364
74
181
951
445
498
313
925
294
847
909
728
806
70
685
0
228
733
0
890
986
555
920
692
938
385
758
93
116
555
33
116
202
951
666
666
364
74
695
478
276
204
38
897
364
478
756
478
804
692
695
666
731
756
523
635
298
969
88
886
918
868
605
70
815
602
264
152
627
301
951
997
920
498
364
880
74
523
116
920
555
555
276
951
119
119
666
478
478
731
313
920
313
666
478
756
635
181
695
478
695
692
205
635
523
298
313
711
956
956
823
868
890
685
223
535
223
251
301
0
890
80
204
313
758
443
118
804
93
555
749
749
33
298
443
897
666
804
692
951
756
731
635
758
695
38
635
298
692
695
804
38
731
313
313
635
202
148
88
88
348
806
236
244
535
463
418
669
251
0
602
666
698
523
202
756
478
951
445
555
921
115
93
445
181
38
692
695
692
695
692
804
478
731
695
478
635
523
758
695
695
758
731
635
313
635
498
509
606
918
918
693
88
868
909
627
602
215
301
836
0
294
893
857
313
38
920
635
445
33
583
115
555
202
313
635
758
478
949
118
44
119
897
635
756
666
205
523
758
478
949
758
181
205
523
523
202
163
918
909
152
685
406
662
894
588
215
215
833
627
1
301
858
204
313
181
523
276
116
33
893
749
116
445
498
445
731
692
692
157
288
750
118
756
756
74
38
951
949
478
38
758
38
731
523
523
920
509
209
693
806
152
453
733
808
406
406
613
215
535
836
0
463
486
749
920
157
33
857
893
555
93
920
523
445
498
313
949
478
157
434
174
409
364
38
315
478
949
695
478
38
758
758
951
635
445
845
895
812
596
70
769
209
602
769
326
406
588
228
209
223
836
0
321
306
445
695
920
921
749
93
749
445
205
731
445
298
692
695
119
880
447
57
75
897
695
695
478
478
695
758
758
38
205
313
313
202
447
248
583
692
57
348
459
122
447
434
363
957
403
880
692
731
364
74
363
711
693
86
588
785
535
535
456
836
215
453
321
833
909
132
769
152
244
808
823
693
886
728
122
687
203
711
459
306
403
315
74
422
93
434
939
612
956
76
163
303
157
932
147
434
957
181
635
443
403
486
43
114
588
609
909
815
301
418
833
321
588
453
909
453
743
86
823
823
685
662
939
868
711
969
509
868
331
938
75
119
523
80
93
57
86
612
873
605
66
203
434
364
758
478
932
306
147
315
403
434
122
348
209
815
785
743
321
209
453
769
769
453
769
209
743
244
685
823
132
939
873
886
596
148
728
890
151
385
75
147
231
997
202
913
909
406
662
76
495
163
434
949
695
897
306
495
913
710
196
122
662
808
264
502
669
733
769
209
743
733
769
743
812
652
769
244
918
918
326
728
890
76
509
294
404
913
582
409
363
750
986
80
951
107
326
685
406
605
844
710
157
157
119
288
35
409
687
406
808
209
264
264
785
264
301
456
812
609
321
613
86
406
909
613
132
823
321
132
236
895
236
873
76
596
509
711
331
306
288
44
133
291
949
163
939
685
348
236
163
306
403
119
74
315
932
35
348
535
430
833
785
463
535
918
733
418
733
132
244
209
132
606
132
609
244
769
453
88
148
114
326
757
509
596
605
710
385
75
434
44
450
291
756
163
939
823
606
236
203
957
666
731
880
57
236
418
669
251
0
669
613
264
652
609
453
733
918
326
132
733
588
909
588
406
326
86
662
236
612
70
806
43
43
459
107
385
711
938
157
119
987
958
523
969
868
70
70
693
404
203
447
459
733
223
0
627
743
769
588
652
264
152
685
743
609
453
733
769
406
909
609
209
733
152
228
588
868
70
847
806
76
895
76
844
925
925
582
409
943
666
577
204
523
447
757
326
606
605
596
453
251
0
251
453
321
733
453
453
894
453
463
209
808
588
132
823
209
588
808
733
588
743
785
321
609
588
453
894
757
88
886
693
236
969
196
404
925
880
44
666
714
958
116
385
728
757
294
236
847
463
815
321
132
264
769
588
743
812
733
823
769
86
588
535
823
70
86
685
808
769
244
847
823
733
114
685
613
808
612
612
294
459
404
163
163
711
385
74
478
692
536
115
893
880
66
107
612
588
418
652
757
612
909
836
868
662
132
769
228
662
606
868
806
609
769
652
652
152
86
244
918
823
685
939
823
326
823
86
606
148
459
163
858
582
495
35
957
804
731
38
577
115
445
385
711
605
808
812
785
939
76
909
251
596
66
236
847
114
86
823
939
348
236
873
612
70
918
769
152
114
685
868
847
148
509
939
918
918
806
66
913
495
122
43
687
925
957
897
478
38
133
583
949
303
43
244
812
769
509
890
847
0
244
943
687
890
294
76
236
114
348
873
70
693
76
66
895
70
86
662
88
114
662
404
605
114
348
612
873
404
687
122
107
107
913
454
957
666
758
731
603
893
848
496
939
588
785
808
956
806
223
301
880
385
687
596
687
495
956
582
711
163
76
596
939
939
88
873
606
757
913
88
76
956
847
70
605
236
148
122
66
122
890
404
687
303
157
949
478
731
635
845
35
148
685
769
152
847
236
209
0
969
445
163
294
890
582
43
509
858
409
454
913
196
693
152
909
847
509
88
662
596
459
823
873
236
76
163
582
495
43
459
509
605
495
75
443
38
949
205
880
157
404
662
209
244
868
244
114
0
86
204
403
57
913
151
107
495
331
925
932
57
918
404
363
203
148
209
609
685
406
236
88
404
925
203
43
895
890
404
122
890
509
404
496
750
119
692
38
205
203
880
459
909
785
939
612
114
228
0
75
986
925
711
957
447
582
971
315
74
163
757
228
43
695
174
710
148
743
152
662
728
43
495
196
203
687
236
509
495
196
122
728
107
434
147
943
478
692
756
404
151
404
244
70
244
808
294
1
209
516
756
303
57
943
687
710
454
196
76
609
588
662
757
403
943
409
288
844
203
687
88
495
913
66
495
66
596
509
66
196
66
404
582
938
897
119
692
695
758
605
107
956
612
728
894
114
132
0
925
355
409
486
363
331
404
582
711
294
652
152
326
612
70
203
897
750
750
447
486
434
434
454
57
710
447
203
890
582
288
174
495
57
57
303
443
943
804
758
38
148
693
728
122
728
406
693
215
301
204
635
303
925
147
163
711
890
348
769
733
808
685
693
326
847
364
943
288
331
174
385
434
331
848
403
157
409
57
925
75
35
509
288
288
151
957
403
364
635
523
662
808
687
447
148
873
693
0
939
291
75
454
880
303
913
66
236
808
609
588
453
894
693
86
743
174
750
196
486
306
447
57
288
75
957
44
288
971
303
486
913
913
957
880
174
938
44
804
523
445
894
909
459
711
88
710
894
0
66
731
157
454
306
66
969
687
939
918
132
114
873
459
662
70
918
148
303
710
447
303
151
151
434
306
434
938
454
174
196
66
858
288
957
174
331
44
364
692
695
181
939
909
348
894
294
151
609
0
496
157
478
75
454
925
711
605
70
685
70
757
596
956
808
693
606
148
403
75
288
288
971
925
303
848
932
147
363
288
57
711
57
486
363
75
938
44
804
692
897
181
894
588
733
612
848
895
0
244
711
486
74
932
447
496
605
88
662
348
868
886
76
612
326
294
873
107
119
434
288
288
447
196
710
196
385
932
44
409
969
913
203
496
363
932
848
938
74
478
804
758
847
627
812
348
897
769
669
163
956
385
692
44
710
57
596
148
662
847
88
459
509
693
148
728
88
404
447
582
925
174
454
57
447
925
434
118
315
409
596
687
971
363
306
957
848
848
118
443
695
692
909
0
609
609
969
463
456
303
596
454
116
157
385
858
107
873
244
808
886
43
509
806
148
844
454
163
495
895
956
710
969
687
582
306
880
848
44
196
890
496
938
44
938
932
957
44
943
44
804
666
209
215
909
209
894
0
847
75
605
969
61
157
938
203
895
606
244
70
728
895
886
88
88
447
750
710
236
939
486
957
174
35
844
969
496
306
44
938
174
971
363
157
932
750
957
938
157
74
758
364
652
733
453
918
228
627
288
750
509
163
666
695
44
496
605
612
114
606
605
886
806
88
956
925
303
495
847
823
181
758
118
943
75
434
750
364
949
181
932
496
306
157
932
880
848
75
932
315
181
695
833
321
785
894
733
453
692
147
203
509
938
635
147
454
509
612
685
70
294
886
693
693
459
844
858
236
152
326
298
731
478
932
363
147
74
949
949
666
409
303
938
157
157
750
363
434
157
943
692
695
535
209
321
588
406
215
447
758
434
956
288
523
443
363
582
612
808
70
868
88
294
806
43
582
66
662
321
939
555
731
804
957
932
932
147
74
897
118
306
303
75
403
943
932
288
288
147
157
897
949
652
609
909
609
236
251
823
804
695
57
35
756
695
315
385
88
244
847
612
693
148
886
122
66
76
348
769
294
958
951
943
403
147
118
118
364
692
478
880
434
750
75
403
938
434
409
403
750
315
756
588
152
152
348
806
812
836
288
204
932
956
74
445
897
938
43
326
808
114
868
895
728
890
495
148
685
609
66
291
445
897
157
147
119
118
74
478
758
409
331
938
434
957
848
434
288
750
750
666
731
244
873
453
326
132
321
627
806
413
666
956
880
291
695
118
925
88
823
733
114
806
605
43
236
662
894
588
662
498
845
147
119
897
74
943
119
478
666
454
486
306
957
750
938
306
880
750
932
804
38
894
88
406
939
588
812
733
463
758
202
203
844
115
61
804
403
496
88
588
152
132
873
348
808
152
894
909
321
315
986
445
118
443
897
443
666
758
443
971
363
306
957
848
363
363
363
750
157
695
804
662
868
894
886
769
613
588
0
459
542
880
728
897
519
951
756
897
971
294
685
823
662
148
886
662
86
209
223
509
555
603
804
74
119
118
695
38
157
385
147
363
880
880
434
938
409
957
147
692
897
693
806
662
886
909
321
833
0
301
434
276
858
66
445
958
921
845
364
971
582
66
969
288
971
687
86
613
215
769
107
445
958
951
943
157
804
951
119
385
118
848
848
403
75
957
409
957
118
695
315
88
605
88
693
132
812
418
733
502
823
958
695
728
925
93
542
204
758
44
118
119
157
75
288
858
114
456
209
321
833
844
33
555
666
943
897
38
119
174
157
157
44
157
750
434
288
848
943
666
897
757
886
757
86
894
627
264
685
301
627
174
958
385
509
306
205
276
523
478
731
445
315
880
288
57
806
613
430
456
301
785
728
845
635
118
943
692
118
75
118
147
403
403
403
409
363
403
118
804
695
88
956
894
733
606
836
769
609
430
1
769
61
920
57
596
710
951
445
313
298
202
756
118
403
303
890
823
456
502
463
251
0
331
276
315
750
804
74
157
443
44
403
157
848
363
932
157
364
695
478
895
66
114
228
244
301
733
769
833
430
0
880
583
181
151
148
57
666
205
731
920
276
756
695
938
57
956
114
321
456
418
836
886
313
666
44
897
666
147
74
119
943
315
750
75
147
119
695
758
692
728
913
939
812
918
785
733
152
812
602
0
326
523
291
695
496
605
971
38
756
205
116
116
635
443
938
971
66
956
70
453
769
88
692
181
943
364
695
44
74
118
943
74
750
957
443
897
758
181
949
509
886
808
321
348
823
609
823
223
456
669
0
403
516
38
364
303
66
938
695
951
523
116
498
758
666
943
331
385
710
495
844
57
38
313
943
119
897
932
315
943
157
119
44
403
897
666
38
758
692
66
685
733
535
606
847
808
244
0
228
321
0
596
603
202
951
157
447
151
897
498
205
205
731
758
695
119
957
938
363
434
848
403
731
313
364
147
118
943
364
118
147
443
943
157
804
666
758
692
478
459
406
894
812
406
693
244
418
669
815
909
223
223
181
80
951
478
750
303
848
478
731
181
298
523
313
692
932
363
848
932
44
315
695
38
478
750
932
443
666
443
44
157
44
943
666
695
692
804
692
728
662
868
743
114
895
86
251
301
251
251
418
0
43
857
920
692
118
938
434
932
635
298
845
61
61
205
119
403
44
932
157
74
443
315
74
403
880
157
364
74
932
750
848
943
897
478
478
364
692
114
70
114
808
939
757
769
301
602
836
251
602
0
251
315
422
692
38
364
943
666
38
635
93
61
202
731
695
119
147
932
157
932
157
750
750
943
75
403
897
666
147
403
403
118
897
804
478
666
692
662
918
812
785
894
612
894
743
0
0
301
301
602
0
873
920
116
758
364
205
949
181
445
276
845
313
951
38
804
119
44
157
434
385
434
880
119
157
957
315
364
147
932
157
147
443
666
478
804
949
605
812
652
228
152
86
114
685
812
430
627
535
836
0
627
687
498
38
364
38
523
298
445
202
498
205
38
38
478
897
157
44
331
35
454
288
44
44
880
147
119
44
932
943
147
943
897
804
804
758
348
456
114
114
321
209
264
453
918
86
418
627
301
1
0
223
57
845
951
880
498
276
202
523
445
181
478
692
478
695
157
403
331
710
858
35
363
932
363
403
44
750
403
943
147
147
443
364
695
38
606
223
88
769
812
833
0
321
769
86
785
815
613
836
1
0
264
454
756
943
205
93
202
498
845
181
804
804
695
364
44
848
434
496
66
890
57
363
938
75
848
932
750
157
147
943
74
804
666
478
