119
224
217
195
158
118
135
140
158
166
157
157
159
153
178
185
173
169
151
122
97
73
66
54
43
38
34
27
34
51
45
37
52
58
51
55
59
61
58
72
76
79
93
91
106
105
93
128
144
156
148
207
214
175
123
126
138
141
151
164
174
168
167
155
161
186
192
170
162
140
114
88
70
63
65
47
38
39
38
46
50
52
53
52
48
55
59
59
59
68
66
71
96
107
91
77
129
137
140
153
170
210
217
166
121
136
139
145
151
153
164
180
183
181
166
154
168
169
159
148
117
91
64
54
59
60
56
55
52
52
53
54
52
46
48
58
61
59
56
65
72
80
90
84
86
99
121
130
143
154
198
218
213
163
124
132
142
155
153
149
164
185
179
172
153
127
125
133
128
116
90
74
57
38
38
60
63
57
50
50
55
53
45
45
53
58
54
53
60
80
90
87
89
82
99
108
112
138
144
151
205
218
208
163
134
134
135
155
155
155
174
168
167
147
132
149
114
80
72
60
54
54
58
53
44
45
55
63
50
47
64
73
60
45
63
59
45
56
79
84
79
75
88
96
95
111
133
138
142
155
217
220
206
170
142
135
141
146
153
167
170
168
165
165
156
129
86
50
38
51
56
46
48
67
60
45
60
74
65
55
70
81
72
59
64
55
51
75
81
65
62
77
91
96
92
123
136
145
146
158
222
222
213
170
142
132
139
144
158
175
184
186
152
131
99
46
37
36
23
33
51
53
53
64
66
62
70
78
70
60
65
68
66
77
71
62
72
79
71
65
79
94
95
95
107
135
118
147
157
165
228
218
220
174
144
134
132
138
148
154
152
120
73
48
36
44
61
62
60
49
51
68
76
64
67
70
66
71
76
70
68
64
66
73
58
58
76
64
66
78
89
89
91
110
123
128
121
143
161
173
228
215
217
182
146
129
134
147
150
105
67
47
53
78
68
67
63
62
76
61
44
58
72
67
80
82
67
73
72
65
71
71
67
68
63
59
55
64
74
77
82
79
86
113
120
111
129
148
159
174
230
214
219
178
142
128
128
128
108
73
71
74
86
65
76
74
70
63
69
80
73
77
69
57
81
84
76
85
76
72
78
85
80
66
81
77
53
66
80
79
85
96
102
110
113
117
137
161
175
177
232
213
224
180
151
143
113
89
64
72
103
99
80
54
101
99
89
81
73
100
97
99
100
73
74
63
62
77
80
81
77
80
80
86
77
78
78
72
80
91
98
110
113
113
110
123
147
167
183
180
229
214
214
174
154
133
101
81
77
98
117
83
54
118
127
111
99
98
88
91
95
95
106
100
97
89
80
77
79
89
85
95
86
101
105
83
71
72
87
107
109
107
103
104
109
127
149
168
176
181
225
216
200
170
144
107
86
91
117
118
95
43
86
166
124
125
114
124
114
97
102
103
90
102
113
124
114
93
82
96
102
88
92
113
104
83
85
88
87
103
106
108
107
109
115
136
150
168
179
184
212
211
179
164
121
98
90
96
110
105
57
58
156
150
127
127
133
139
122
136
133
131
115
118
96
98
112
110
97
101
126
104
110
106
87
82
101
97
95
107
110
110
107
109
112
139
158
174
177
185
183
204
154
132
114
100
98
104
104
75
32
134
193
133
117
133
145
135
126
140
157
146
128
137
106
88
91
105
118
110
101
118
114
82
97
100
107
119
118
113
107
105
104
102
117
151
165
178
180
187
151
171
140
123
98
105
116
97
90
38
79
203
163
141
136
157
141
145
161
147
168
140
85
123
158
141
121
86
83
95
94
108
107
118
134
125
111
105
110
110
112
111
106
113
132
157
167
177
182
187
129
162
133
104
94
113
116
104
70
32
158
221
143
134
168
157
149
163
181
178
133
103
71
119
180
155
151
123
85
88
105
115
120
127
134
127
114
99
109
119
127
116
104
118
148
164
168
179
179
183
117
150
137
108
111
102
101
119
43
73
224
185
150
143
176
138
156
166
146
120
80
76
96
99
163
174
163
163
142
143
131
113
127
130
124
121
119
110
111
119
130
118
116
127
155
174
172
182
178
181
109
131
128
121
131
112
109
98
24
141
230
155
150
160
159
135
149
149
115
72
82
86
95
89
133
176
169
173
153
158
164
160
148
140
136
137
129
113
126
145
142
121
132
135
147
173
173
183
183
184
105
110
125
144
131
108
120
74
54
208
191
147
144
172
141
143
139
118
86
77
83
84
97
83
91
175
174
161
162
159
158
162
156
161
160
161
147
129
134
152
131
112
146
148
144
162
167
181
190
191
98
93
136
158
127
119
120
55
97
216
163
151
162
155
142
140
124
99
81
79
78
91
97
78
72
151
169
149
160
165
153
146
157
159
159
162
147
138
143
145
127
127
158
157
151
162
170
184
194
197
100
91
133
140
118
153
107
42
121
189
177
157
161
139
152
138
107
87
89
95
103
114
95
89
83
115
157
152
157
161
155
151
159
156
155
157
143
147
139
128
135
155
164
155
157
172
181
188
187
193
99
90
111
108
118
157
85
56
142
172
191
169
151
148
143
128
104
97
92
99
114
106
80
101
97
117
174
170
166
164
154
148
152
164
163
165
152
149
138
130
139
149
159
163
165
171
183
190
180
191
98
85
85
111
167
125
56
100
137
161
189
177
148
147
127
122
111
102
97
103
107
92
82
102
105
134
181
170
164
163
152
145
146
141
151
163
162
153
136
128
136
144
161
169
166
165
180
189
183
188
95
61
78
103
177
86
53
144
130
170
200
177
146
143
131
124
110
96
96
107
105
94
101
107
110
132
157
151
152
161
155
146
151
145
157
169
171
152
120
124
146
158
160
165
167
168
177
181
184
186
81
48
81
78
137
62
64
159
141
169
219
177
155
138
133
116
96
89
98
108
103
94
101
128
147
139
145
135
125
149
147
134
139
158
161
162
163
135
122
141
160
168
164
168
167
174
176
175
184
182
73
65
81
69
93
41
97
168
137
160
220
178
165
139
123
110
96
95
101
102
99
97
98
137
162
148
127
118
157
170
160
147
141
142
146
155
164
157
150
146
158
170
169
168
167
168
175
184
188
181
68
75
76
74
64
52
151
168
138
152
197
190
172
146
122
113
103
101
106
102
97
99
106
135
147
137
111
108
191
191
178
178
166
162
167
177
181
182
166
145
155
169
170
163
169
166
173
183
190
183
65
72
64
84
63
73
179
169
148
137
178
202
173
150
129
114
101
95
104
106
100
97
111
129
136
118
97
106
195
194
187
173
165
175
180
184
181
173
156
149
161
169
174
168
164
164
175
179
185
182
63
70
63
66
77
53
140
185
162
126
167
202
175
161
144
116
97
99
106
108
105
100
116
128
127
105
87
110
206
194
186
168
173
173
174
177
175
168
155
149
161
169
175
172
159
161
176
177
178
185
68
73
69
61
91
41
86
178
178
144
149
196
184
181
164
122
98
101
111
111
112
108
120
122
116
103
90
120
212
192
177
174
178
179
179
181
181
179
158
157
166
163
170
166
164
164
173
174
177
189
76
78
70
79
87
57
50
149
198
165
124
183
200
187
175
134
101
92
105
111
121
113
118
124
110
94
85
135
218
199
183
177
179
182
180
179
180
183
156
155
163
161
168
168
163
161
171
174
180
191
78
93
67
75
72
57
38
88
212
165
110
157
219
191
180
150
116
97
88
107
117
124
130
114
99
94
75
94
193
196
167
169
174
177
173
176
187
186
151
153
158
166
168
165
158
163
171
172
179
184
86
95
78
83
64
52
54
37
161
178
125
133
216
210
187
170
148
114
90
94
100
117
110
95
88
97
80
71
171
221
191
166
169
176
175
182
191
183
151
160
159
166
167
162
163
163
170
174
179
178
90
91
83
96
64
49
58
20
95
191
144
112
179
232
195
192
177
147
115
99
99
112
122
120
111
92
79
64
119
202
219
177
173
172
173
184
192
177
155
171
162
164
163
161
167
162
168
176
182
176
94
94
86
97
65
55
46
24
24
130
184
128
129
201
215
216
197
175
149
136
134
147
162
156
137
98
80
77
83
128
195
209
187
170
172
184
194
179
155
174
166
166
168
165
167
161
167
176
181
175
97
102
94
90
71
51
40
52
7
59
188
168
113
145
205
215
202
179
167
171
176
175
170
165
149
112
82
96
80
71
136
206
203
178
173
181
193
178
154
171
172
172
173
169
163
160
168
176
180
178
92
100
91
67
78
36
46
64
20
22
123
192
146
116
151
187
196
187
177
186
195
179
169
166
157
129
95
85
69
67
79
118
200
193
173
174
189
177
163
174
173
170
170
169
161
164
171
178
183
184
98
104
83
61
80
32
58
48
16
12
50
180
186
132
115
136
183
188
185
187
193
188
178
179
167
146
117
89
63
74
63
51
155
205
177
167
184
183
171
176
170
168
173
167
161
170
174
183
186
185
104
114
82
57
67
35
49
49
28
20
2
133
195
172
137
110
139
175
181
182
192
199
190
189
175
161
142
121
88
73
72
65
115
197
182
170
179
183
171
178
174
172
177
168
163
173
176
185
189
187
101
115
85
55
64
48
48
52
32
15
5
62
168
197
169
140
116
148
176
179
184
196
200
197
183
178
169
152
128
106
93
91
113
185
189
174
180
183
168
177
173
172
178
168
166
177
180
189
191
190
107
98
74
57
79
64
51
59
20
24
19
12
134
205
172
171
151
135
152
172
182
187
197
199
192
190
187
174
164
153
140
144
147
189
195
172
176
178
168
176
172
170
177
171
169
180
183
190
191
189
114
80
65
49
79
71
58
56
11
35
39
8
91
197
182
183
174
154
136
165
185
182
186
189
190
191
188
179
176
172
169
171
170
193
195
178
171
173
171
178
173
173
176
174
173
185
183
189
190
189
109
80
82
52
69
79
58
32
27
37
50
24
24
157
194
177
181
167
145
157
175
181
180
187
192
196
188
173
168
173
176
176
182
187
191
185
169
170
179
183
179
174
174
173
176
184
185
187
187
190
103
87
85
57
69
87
56
25
40
30
23
29
2
89
185
181
174
168
162
158
165
187
186
192
194
197
189
173
170
173
175
179
185
183
183
182
171
163
179
186
184
175
173
172
177
182
187
187
187
191
86
80
78
66
73
75
51
31
34
30
20
20
11
23
148
199
173
181
182
173
177
180
188
197
195
194
189
180
178
174
174
177
175
177
171
170
177
164
173
186
186
177
173
173
177
182
185
187
187
191
91
71
55
53
72
72
67
48
27
20
28
25
21
6
78
178
187
174
182
193
184
184
191
198
194
190
185
182
183
175
174
177
165
161
163
164
177
170
170
183
186
177
174
176
177
179
183
186
188
192
105
57
54
53
59
59
65
61
47
30
27
31
20
11
27
102
176
168
178
186
192
188
191
194
193
186
183
183
182
178
173
174
161
147
155
158
171
170
167
178
181
176
174
178
177
178
182
185
188
193
94
48
76
75
51
49
42
50
60
57
32
26
24
19
7
29
115
177
183
152
189
196
193
190
191
186
182
184
181
182
172
172
161
150
144
144
161
169
166
174
176
173
174
178
177
177
181
185
189
194
91
46
92
61
49
41
22
47
54
57
43
34
36
23
18
9
41
121
171
155
177
193
191
191
199
189
184
184
182
179
171
170
165
152
135
129
147
164
172
172
173
174
173
177
177
178
183
187
188
191
103
198
182
153
110
70
88
92
110
124
124
125
127
117
139
147
137
137
115
89
64
42
35
27
16
13
11
5
15
32
26
19
33
40
33
37
40
42
40
55
59
63
78
76
88
84
71
104
117
127
132
178
173
128
71
74
86
88
102
120
137
134
131
117
120
147
157
138
125
106
79
53
36
32
34
17
10
13
18
25
30
32
33
32
28
35
39
39
41
50
49
56
82
89
73
57
104
112
113
127
151
179
173
114
62
78
82
86
99
106
125
143
146
141
125
116
132
137
125
114
85
60
33
24
28
31
28
27
32
32
32
34
33
28
28
38
41
39
37
47
55
62
73
68
68
76
99
105
114
126
176
184
164
105
61
70
80
92
97
100
122
146
139
132
112
88
90
102
100
87
62
47
29
11
11
34
36
30
28
28
33
32
26
26
34
38
34
33
39
60
71
69
71
65
80
85
89
112
114
121
180
181
156
102
69
69
70
90
97
104
129
127
127
106
91
109
81
52
49
38
31
31
35
30
21
21
32
39
26
22
40
50
41
25
44
40
25
37
57
63
60
57
71
76
77
88
107
111
112
123
191
178
153
105
75
69
78
84
92
114
124
129
128
126
115
90
54
22
17
29
35
25
26
44
37
22
36
47
40
30
45
57
51
39
43
35
31
56
59
44
42
58
73
76
72
100
109
116
115
123
194
179
156
105
74
67
77
84
97
122
138
147
114
93
61
12
8
10
0
10
27
28
29
38
40
36
43
48
45
34
40
46
44
57
51
42
53
59
47
43
58
74
76
76
85
110
92
119
125
129
197
174
160
110
77
69
70
79
89
100
108
81
36
11
1
11
34
38
33
22
24
39
47
34
36
39
33
36
48
42
43
42
43
52
38
38
57
45
41
56
68
69
72
91
100
101
96
115
128
136
197
168
159
116
77
64
72
88
89
50
22
9
17
41
33
36
40
42
45
31
14
27
38
32
44
45
29
33
42
36
44
47
47
47
44
41
37
46
48
56
62
59
66
93
99
85
104
122
127
137
197
169
163
118
83
74
80
83
63
30
29
35
48
26
37
35
34
30
37
49
39
41
33
20
45
48
42
49
48
44
50
57
53
40
55
50
26
40
52
54
61
72
78
87
88
87
109
131
137
138
199
169
169
123
96
94
72
51
28
34
64
59
39
12
58
56
46
40
39
66
61
60
62
35
36
26
28
43
50
51
46
48
49
56
46
47
48
42
52
64
72
84
88
87
83
93
116
133
142
140
196
170
157
116
97
82
58
41
38
58
77
42
11
74
84
68
55
57
51
55
58
56
66
61
58
51
43
39
46
57
53
62
56
71
76
54
42
43
59
79
82
83
78
76
82
98
116
133
135
140
194
175
146
113
90
58
43
49
77
79
54
0
43
124
80
81
71
81
76
59
64
63
50
62
73
84
75
55
50
63
69
54
61
83
74
53
56
58
58
75
78
81
81
82
88
103
118
133
139
144
181
171
127
108
68
49
46
54
70
63
14
14
111
107
83
82
89
96
81
96
94
90
75
78
56
58
70
69
62
66
90
70
77
75
57
52
71
68
65
78
82
82
79
81
84
105
125
138
137
145
153
164
104
79
62
51
54
62
64
30
0
91
147
88
71
86
100
91
81
96
116
106
88
97
67
46
48
62
79
71
63
83
80
50
65
70
77
91
87
83
77
76
75
75
87
117
131
142
140
147
121
132
92
71
45
56
71
55
49
0
38
159
118
95
88
110
94
98
115
102
126
101
46
85
120
99
76
41
41
56
56
72
72
83
101
95
81
75
77
80
83
82
77
83
101
121
131
140
142
147
102
126
86
54
43
66
70
60
28
0
114
176
96
86
119
109
100
113
134
133
91
64
35
82
142
113
105
77
42
46
63
76
84
92
99
95
84
69
75
86
96
84
72
87
115
127
130
140
139
143
91
114
92
61
63
55
55
74
5
29
178
139
102
94
126
89
106
114
99
75
38
39
61
64
126
133
118
117
99
98
86
71
90
93
88
88
87
81
76
85
96
85
83
95
121
136
133
141
138
141
81
97
86
73
83
64
63
53
0
99
185
108
103
112
110
84
96
95
69
29
42
50
62
56
97
137
125
126
107
112
118
117
110
101
100
104
98
85
89
110
108
88
101
103
110
133
133
141
143
144
78
76
84
99
84
62
74
30
15
166
148
103
96
120
90
91
84
63
40
33
46
51
65
52
57
136
131
116
113
112
114
119
114
122
126
129
116
102
98
116
96
80
114
114
108
125
126
138
151
152
71
59
97
113
80
71
73
9
60
174
118
107
118
107
90
88
72
51
33
33
38
55
62
44
37
111
126
102
112
118
109
104
116
121
124
128
114
108
106
108
89
91
121
120
113
123
128
138
153
156
73
58
94
93
69
103
58
0
93
147
127
111
122
98
100
87
62
50
37
45
56
71
55
49
44
73
110
103
112
115
112
111
121
120
118
121
106
109
101
90
97
113
121
113
114
127
137
141
143
150
73
59
73
63
71
109
37
9
107
128
141
124
114
108
95
75
55
54
43
53
70
66
42
64
59
74
127
123
121
118
111
109
113
127
127
129
116
113
101
92
101
108
117
121
121
127
138
143
136
147
72
55
49
69
121
78
9
54
94
110
136
131
113
110
80
68
60
58
51
59
68
55
46
66
66
90
134
122
119
117
109
104
106
103
114
126
127
116
97
91
97
103
119
127
123
122
136
144
139
144
70
31
44
65
134
39
8
98
77
111
143
133
112
108
85
70
57
51
55
67
69
60
67
72
71
89
110
102
106
114
110
104
108
106
118
131
136
117
82
86
107
118
117
123
123
124
134
135
140
142
58
20
49
41
96
18
22
112
83
109
161
134
122
104
90
60
42
42
61
72
69
61
68
94
109
97
98
88
82
103
100
89
98
116
121
124
128
102
84
103
122
129
122
126
125
131
133
129
140
138
48
38
51
36
56
1
59
124
77
100
162
135
131
106
80
54
42
48
64
67
65
64
66
104
124
105
80
70
115
125
113
102
97
98
106
117
129
125
113
109
119
130
127
126
125
125
131
138
145
137
43
49
49
44
29
14
115
128
82
93
139
146
137
112
77
58
50
55
67
65
62
65
74
102
109
94
64
60
148
146
132
131
119
116
125
139
147
150
130
108
118
130
128
122
126
124
130
137
145
139
41
48
39
56
31
38
142
132
97
79
122
158
138
114
83
61
49
50
63
66
64
64
78
93
97
75
50
57
151
149
140
125
117
129
135
145
147
143
119
112
124
130
132
127
121
120
132
133
140
138
37
46
39
38
49
21
106
149
119
76
115
158
140
123
97
62
46
55
60
65
67
65
79
93
89
62
39
62
164
149
138
121
124
125
130
139
141
138
119
111
123
129
133
129
117
118
133
131
134
141
43
49
45
35
62
10
53
143
143
100
98
150
147
141
114
69
50
60
62
64
70
69
83
87
78
61
42
72
171
148
129
124
126
130
133
141
148
149
122
120
128
123
128
124
121
120
129
128
133
145
50
54
47
56
58
26
17
118
168
124
75
137
160
144
123
83
55
54
56
63
75
71
80
86
71
51
39
87
175
154
135
125
127
133
133
139
148
151
119
118
126
121
125
126
120
118
128
128
136
147
49
67
45
53
52
37
20
71
180
133
71
116
174
143
130
100
67
50
45
61
69
77
81
66
54
51
35
57
146
149
121
127
134
137
133
136
146
145
114
116
121
128
130
126
121
124
129
131
142
147
57
69
54
61
45
35
38
21
135
150
91
93
169
161
138
122
100
67
48
50
53
68
59
44
40
53
39
32
121
172
146
125
130
138
137
142
149
139
114
124
122
128
129
124
124
123
129
133
143
142
61
65
59
74
44
31
41
3
75
167
113
73
133
183
147
146
133
106
76
57
54
64
72
70
61
45
34
19
68
153
173
134
132
133
134
144
151
134
118
134
124
125
125
123
127
121
127
134
145
139
68
69
63
74
46
38
31
8
14
112
156
90
83
153
166
170
159
139
109
95
90
100
114
108
86
48
32
29
34
80
149
166
148
132
131
143
153
135
116
135
127
127
129
123
125
119
125
134
144
137
70
77
72
69
53
34
23
36
5
46
163
134
69
98
160
173
168
146
129
131
133
128
122
115
97
58
28
41
31
23
91
163
162
140
131
139
151
135
116
133
132
130
132
127
121
118
126
134
140
138
65
76
70
50
61
18
28
48
18
14
104
162
106
72
109
149
165
156
140
147
154
135
122
115
104
73
37
26
20
18
33
75
158
153
132
131
145
133
123
134
132
127
127
127
118
120
127
134
139
141
71
80
64
42
61
14
42
35
16
5
33
152
148
90
77
101
151
161
149
148
156
148
134
130
114
89
59
31
15
26
17
8
114
162
135
124
139
135
129
134
128
125
128
123
118
125
127
137
140
141
80
92
61
38
50
20
34
37
25
13
0
109
164
137
99
73
104
142
144
144
155
161
149
143
124
106
83
62
38
25
25
21
74
155
139
126
135
135
127
134
130
128
133
122
117
127
129
138
143
142
77
93
64
37
47
32
34
38
25
7
0
41
142
166
133
103
79
109
139
142
146
160
161
155
136
125
111
94
79
58
46
45
71
143
146
129
134
136
124
132
129
127
133
121
118
130
133
141
144
143
82
76
54
41
62
49
37
45
10
13
4
0
111
176
139
135
111
92
115
135
145
153
159
159
146
141
132
118
114
105
93
98
104
147
152
127
128
130
124
132
128
126
129
124
122
133
135
142
143
141
90
58
45
32
62
56
43
41
0
22
26
0
71
170
150
145
129
108
99
131
151
147
150
152
147
144
135
125
125
124
122
127
128
149
153
132
123
124
128
134
128
126
129
127
125
136
134
140
139
138
85
57
60
34
52
63
43
16
5
19
33
8
10
135
167
145
143
124
106
122
140
147
145
150
150
149
135
119
119
125
128
128
136
141
145
141
125
128
134
139
133
127
128
127
129
137
139
140
138
141
79
64
64
39
52
71
41
9
15
9
4
10
0
71
163
153
141
131
120
118
126
151
150
154
154
152
138
120
123
125
126
129
135
134
136
139
131
127
132
139
138
129
127
126
132
136
141
141
139
144
61
57
57
49
56
59
37
15
13
12
3
4
0
5
125
171
140
144
134
128
135
142
150
159
157
151
142
133
132
129
127
129
127
129
126
128
136
127
128
139
140
131
127
127
131
136
139
141
139
143
67
48
34
34
55
57
52
32
8
5
14
10
6
0
58
155
158
141
132
145
139
142
152
160
157
150
144
141
139
131
128
130
118
114
119
123
139
134
125
137
140
131
128
130
131
133
137
140
140
144
80
34
32
33
41
42
50
46
29
14
14
17
8
1
10
83
153
141
133
140
149
147
152
155
154
147
142
143
142
136
129
129
115
101
111
118
134
134
122
132
135
130
128
132
131
132
136
140
140
145
67
24
55
56
33
31
26
36
42
42
18
14
15
6
0
13
97
154
145
115
152
158
155
150
151
145
140
142
143
141
130
128
115
104
98
103
124
132
121
128
130
127
128
132
131
131
135
139
142
146
65
21
69
43
30
24
5
30
40
42
29
22
24
9
6
0
25
102
142
127
145
159
154
151
154
142
137
136
142
138
129
127
119
106
92
88
107
123
127
127
128
128
127
131
131
132
137
141
141
144
92
182
160
129
88
49
68
74
92
104
105
109
112
106
129
136
124
122
105
79
55
35
29
23
15
15
11
6
14
31
25
17
32
38
30
33
37
36
39
55
60
62
74
73
84
79
68
102
112
121
122
164
151
104
47
51
64
66
80
96
115
113
116
104
109
133
139
120
112
97
70
44
29
28
32
16
10
12
17
25
29
31
32
31
27
35
39
39
41
50
47
52
79
85
67
52
100
108
107
119
140
163
151
88
35
51
54
63
76
84
104
124
131
128
113
102
116
121
112
104
74
49
24
16
23
27
25
24
31
30
30
31
30
24
27
37
41
39
38
47
54
60
69
61
62
71
93
99
107
116
165
167
144
78
32
42
50
66
77
80
104
130
127
123
102
77
78
89
87
74
50
36
19
2
3
26
30
24
27
26
30
27
21
20
30
37
34
34
40
62
71
66
67
58
72
78
81
103
105
111
170
163
135
75
40
41
42
63
82
89
115
115
119
101
86
103
73
42
36
24
19
19
23
19
10
11
21
28
25
18
35
42
32
18
38
39
25
38
59
65
59
54
66
69
67
79
100
102
101
114
181
162
130
80
47
41
49
59
80
102
112
119
122
121
113
86
49
15
7
17
23
13
15
34
26
12
26
38
37
24
38
48
38
28
37
30
31
57
61
44
40
53
67
69
63
89
99
107
104
114
185
162
134
80
47
39
48
59
84
109
125
136
106
88
59
12
3
4
0
3
18
19
20
28
31
26
34
40
38
26
29
32
29
42
40
35
50
59
51
43
56
70
70
68
75
99
79
108
115
119
188
156
140
85
52
43
43
55
72
84
92
68
26
9
0
8
27
30
29
20
19
33
41
27
28
31
26
30
42
32
28
24
26
33
22
29
52
43
45
56
66
65
66
82
90
90
81
103
117
125
186
153
140
92
53
40
48
63
69
31
4
0
4
31
25
26
31
31
46
31
13
24
36
29
38
39
24
29
36
26
29
27
23
25
28
29
31
46
53
57
60
55
59
85
87
72
90
106
114
125
187
156
147
99
62
53
58
59
45
13
16
25
38
19
30
29
27
21
26
39
30
35
29
15
39
43
35
41
36
30
37
45
39
26
44
41
18
36
51
51
58
68
72
80
80
79
99
122
128
129
189
157
155
106
76
75
51
29
12
20
53
51
32
6
52
50
38
30
22
50
48
52
56
28
30
20
20
33
35
37
34
39
41
47
39
40
39
35
48
61
68
80
83
81
77
86
109
126
136
132
186
157
142
99
79
63
36
21
23
47
66
32
4
69
76
59
45
44
35
39
47
49
59
54
51
43
34
30
33
44
41
52
45
61
67
47
34
34
56
76
78
77
74
70
73
90
109
123
128
132
181
160
130
96
70
37
21
30
67
71
45
0
37
117
73
71
58
66
59
44
49
54
43
55
66
76
65
43
35
50
57
44
50
72
63
44
49
51
54
72
73
74
75
75
78
95
109
125
131
136
168
155
110
91
47
29
23
36
64
56
9
10
106
99
73
69
73
77
64
81
79
80
66
69
47
47
57
54
48
53
78
57
66
64
45
43
63
59
61
74
76
74
71
72
73
96
115
130
128
136
139
146
86
61
41
30
33
45
59
24
0
85
142
80
58
71
81
70
67
83
103
95
78
87
55
33
32
45
67
57
50
69
68
39
54
59
66
80
81
77
70
68
67
63
77
107
120
132
130
137
106
115
72
50
24
37
52
37
44
0
35
153
112
88
78
93
75
77
100
90
113
88
34
72
105
84
61
24
28
41
42
59
57
72
90
84
70
65
71
72
74
71
67
72
91
111
119
129
132
137
84
106
68
32
23
47
51
44
22
0
107
170
90
79
109
92
81
94
121
122
80
53
22
70
127
98
89
61
27
33
50
62
70
77
87
84
73
59
67
77
87
74
62
75
104
116
117
128
129
134
72
93
72
37
43
37
36
58
1
24
173
134
96
88
117
73
89
95
87
66
28
29
50
53
112
117
103
101
82
84
73
57
77
78
76
77
76
69
67
76
87
76
72
81
108
123
119
129
127
131
63
75
64
51
62
46
44
38
0
90
178
103
97
105
100
72
81
79
58
20
33
40
51
43
84
123
111
111
92
97
104
104
95
88
89
92
84
71
81
101
98
77
88
88
96
120
117
126
131
132
61
55
62
74
62
42
55
14
10
153
139
96
90
116
80
79
71
49
30
26
36
41
55
40
45
124
117
101
100
98
99
104
100
110
112
115
103
88
90
107
86
67
101
101
93
109
112
124
139
140
50
36
73
92
61
54
55
0
47
162
107
95
106
96
78
76
59
36
28
29
31
46
55
35
27
98
111
87
97
102
92
88
101
107
109
114
101
94
96
97
78
78
109
106
98
108
114
126
140
142
46
32
68
79
57
89
46
0
76
136
115
95
102
76
85
73
47
34
38
44
54
68
50
43
34
61
96
89
92
96
93
93
104
102
104
108
95
98
87
76
83
101
109
98
100
114
124
129
127
133
47
32
49
46
58
93
28
0
91
115
128
107
95
90
79
63
43
41
43
53
69
64
36
55
48
61
112
107
101
101
94
90
96
110
113
116
105
101
88
79
88
97
105
107
108
114
126
129
123
133
46
29
26
51
110
65
0
37
79
97
122
113
92
91
63
57
50
49
52
60
66
51
40
58
54
75
119
104
101
101
92
87
89
87
99
113
114
103
85
78
84
91
105
113
110
108
122
128
126
131
45
8
21
49
123
30
3
80
64
99
129
114
89
88
69
61
50
45
57
68
67
55
61
62
57
72
92
81
90
98
95
88
92
90
104
118
121
103
69
73
94
105
102
109
110
110
118
120
127
129
32
0
28
28
85
13
11
96
69
95
147
115
99
83
75
54
37
36
60
70
67
56
61
82
95
80
77
65
64
89
85
73
81
102
106
110
114
87
71
91
108
114
108
113
109
114
117
114
126
125
24
14
32
24
46
0
45
107
63
85
148
115
108
84
65
48
37
43
62
65
60
57
57
92
111
89
59
47
97
109
98
86
82
85
91
102
114
108
98
94
105
115
113
111
109
108
115
122
131
124
20
26
31
34
22
8
101
111
67
80
125
127
114
91
63
51
44
48
63
60
56
57
64
90
96
77
45
39
133
131
118
117
107
104
111
124
130
133
113
91
102
115
113
106
110
107
113
121
133
127
17
25
23
46
26
31
129
116
84
67
108
139
116
95
67
51
41
43
58
60
55
55
68
82
83
59
33
40
138
136
128
113
105
116
122
130
130
125
103
96
108
115
115
111
105
104
115
117
129
127
15
24
25
29
42
14
92
131
104
64
101
140
120
105
81
51
36
43
52
57
58
56
70
81
76
50
25
47
150
136
126
109
113
113
116
122
123
118
102
96
107
112
117
113
101
101
116
115
123
130
20
28
32
28
59
4
39
126
127
88
86
134
127
121
99
57
37
45
51
55
61
60
74
76
66
49
30
58
156
135
117
112
116
118
118
124
129
128
106
104
111
107
112
108
104
103
112
111
121
134
29
33
33
49
56
21
6
101
153
113
64
122
142
123
108
70
40
36
44
52
65
62
71
77
61
41
28
76
162
142
123
115
116
119
118
122
128
131
103
100
108
104
109
110
104
101
111
111
125
136
37
54
31
40
38
25
8
56
177
125
64
106
162
127
118
90
57
39
26
44
56
63
70
59
50
46
29
50
143
146
116
119
123
122
117
119
128
125
95
97
102
109
111
108
102
106
111
113
126
132
46
57
42
47
29
21
26
13
131
144
84
82
157
148
126
112
91
57
29
33
38
54
49
36
33
46
32
25
121
170
142
118
120
123
120
125
131
120
94
105
102
109
110
105
105
105
111
115
127
126
50
52
46
60
30
18
29
0
68
161
106
62
123
172
135
134
123
94
58
41
39
50
61
60
50
35
24
9
67
150
168
126
122
119
118
127
132
115
99
116
105
106
106
104
108
103
109
116
129
123
55
56
50
60
32
25
17
0
10
104
149
83
76
142
156
159
146
124
94
81
76
85
101
94
73
35
18
14
30
75
142
156
135
117
115
126
135
119
99
118
110
110
112
107
109
103
109
118
127
121
57
63
57
55
38
21
12
26
2
39
156
127
62
90
151
161
153
131
114
118
119
115
107
101
83
44
11
24
25
17
82
152
150
125
117
123
132
119
98
115
115
114
115
111
104
101
110
117
125
123
53
60
53
35
46
8
19
41
10
8
98
156
99
67
102
137
149
140
128
136
142
121
106
101
88
56
18
7
11
10
23
62
146
139
118
117
129
118
107
118
116
112
112
112
103
105
112
118
126
127
57
64
46
26
48
6
30
28
7
1
30
148
145
88
69
89
135
142
141
138
144
134
118
112
96
71
39
11
2
13
4
0
100
149
121
111
126
122
115
120
114
112
115
110
105
113
115
124
127
128
65
76
44
22
37
10
26
30
17
7
0
106
160
133
93
61
88
125
137
136
145
149
134
127
108
88
64
44
25
11
12
6
60
141
125
114
123
125
116
122
119
117
121
111
107
116
119
127
131
129
62
78
47
21
34
23
26
33
21
5
0
40
140
162
127
91
63
94
132
134
137
147
147
139
120
108
94
76
64
43
31
30
57
129
133
117
124
127
114
122
118
117
122
111
109
120
123
131
133
130
67
60
36
25
49
39
28
39
9
11
3
0
112
173
132
124
96
76
108
127
135
140
147
143
131
125
117
100
99
89
77
82
88
132
141
117
119
123
113
121
117
115
119
114
112
123
125
132
131
129
76
41
26
15
48
45
36
37
0
22
25
0
69
168
144
135
115
92
93
123
143
137
137
136
131
127
119
109
108
105
104
110
112
136
141
124
116
118
117
124
118
116
120
117
115
126
125
131
129
128
68
42
46
21
42
55
37
12
3
16
32
9
9
133
163
135
128
111
96
110
128
136
133
138
140
141
129
113
105
110
113
114
121
127
132
128
111
113
120
125
120
114
115
114
117
125
127
129
126
129
62
50
52
27
44
65
35
4
10
4
4
12
0
70
158
145
129
118
108
104
113
139
138
146
148
148
137
119
112
114
113
115
122
120
121
122
112
106
115
124
122
113
111
110
117
123
128
128
124
129
44
43
44
36
47
53
30
10
5
6
4
5
0
4
121
164
129
132
124
117
125
132
139
151
148
144
136
127
119
116
113
115
113
115
111
111
117
107
112
123
125
116
112
112
118
123
126
128
125
129
50
34
21
23
46
51
46
27
0
0
10
10
5
0
54
145
147
131
124
137
130
133
142
149
146
141
135
132
126
119
114
115
104
99
104
106
119
115
109
121
124
116
113
115
116
120
125
128
126
130
63
21
20
22
33
35
44
41
21
7
8
15
6
0
8
73
143
132
124
132
140
138
142
144
143
137
132
132
128
123
115
114
100
86
95
101
114
114
106
116
119
114
113
117
116
117
123
126
126
131
49
11
44
44
25
24
19
31
34
35
12
8
10
1
0
9
88
146
135
106
143
149
144
140
142
133
128
129
128
127
115
112
100
89
83
86
105
113
105
112
114
111
112
117
116
116
120
124
127
132
48
9
57
30
21
17
0
25
30
35
23
16
18
6
1
0
19
95
134
117
137
151
144
143
146
133
126
126
127
124
114
110
104
91
76
71
88
105
108
107
110
113
111
115
116
117
122
126
125
128
